ans =

 Columns 1 through 5:

  -125.08088   -59.59921  -130.04311   -94.86993   -46.80647

 Columns 6 through 10:

  -111.52515   -36.85793  -114.93720   -49.39919   -23.10799

 Columns 11 through 15:

   -21.82454  -235.11782   -21.24644   -67.98322    -4.75594

 Columns 16 through 20:

   -22.41019   -39.07197    -3.43758   -27.13141   -43.49596

 Columns 21 through 25:

   -22.56371  -462.98409   -27.66730   -38.00414   -20.23630

 Columns 26 through 30:

  -451.51491  -186.69183   -84.25739  -208.27379  -560.28284

 Columns 31 through 35:

     7.62793   -45.51060  -124.35166   -12.74638   -60.26454

 Columns 36 through 40:

   -40.75685   -37.44236   -22.41385  -139.97881   -40.42458

 Columns 41 through 45:

    -3.56589   -30.83240   -68.43766   -16.53189   -59.40612

 Columns 46 through 50:

    -8.46781   -31.16259   -12.54178  -101.65461    -6.65869

 Columns 51 through 55:

   -57.64977   -11.60364   -36.12590   -42.99915   -10.43677

 Columns 56 through 60:

    10.45773   -18.00801   -30.57051   -40.85314   -56.59684

 Columns 61 through 65:

   -50.79142     4.58992  -399.44019  -191.75503  -340.38079

 Columns 66 through 70:

   -40.14755   -53.39291   -87.36439    -6.61184  -447.99027

 Columns 71 through 75:

   -74.38737   -33.55386    -8.95673   -27.48355    16.15631

 Columns 76 through 80:

    -2.24007   -33.16819   -34.41650   -76.12881   -12.56720

 Columns 81 through 85:

    -3.22685    -1.26373    -4.99165   -81.23369   -40.16196

 Columns 86 through 90:

   -40.36720   -69.20602    -6.49050    -0.99110   -17.09599

 Columns 91 through 95:

   -12.37638   -37.10197   -49.48897   -12.52820    -1.34327

 Columns 96 and 97:

  -130.33911    -3.97189

